0 0.115625 0.18671875 0.05 0.0921875
0 0.1359375 0.5078125 0.096875 0.203125
0 0.35 0.80390625 0.040625 0.1109375
0 0.5890625 0.80546875 0.20625 0.1328125
0 0.740625 0.5514218750000001 0.090625 0.61590625
0 0.89765625 0.815625 0.1828125 0.09375
0 0.87890625 0.6171875 0.0328125 0.20625
0 0.94453125 0.57109375 0.0203125 0.0828125
1 0.42793749999999997 0.478453125 0.507390625 0.45689062500000005
1 0.15912500000000002 0.8014374999999999 0.318265625 0.36196875
1 0.60840625 0.071984375 0.783203125 0.14396875